( ) (591) (00)
(F) (6) (101111110)
(a) (174) (1100)
(t) (163) (1010)
(h) (101) (11010)
(e) (231) (1110)
(r) (124) (11110)
(C) (10) (10110110)
(i) (130) (0110)
(s) (146) (1000)
(m) (53) (110110)
(') (6) (110111100)
(w) (47) (101110)
(n) (128) (0100)
(o) (134) (0111)
(d) (62) (01010)
(l) (64) (10010)
(g) (30) (1111110)
(u) (37) (100110)
(p) (21) (1011010)
(
) (18) (1001110)
(G) (2) (0101110110)
(f) (31) (010110)
(D) (2) (0101110111)
(c) (59) (111110)
(.) (19) (1011000)
(2) (3) (1101111110)
(4) (1) (01011110110)
(,) (19) (1011001)
(0) (3) (1101111111)
(1) (2) (0101111000)
(8) (1) (01011110111)
(M) (4) (010111010)
(y) (24) (1011110)
(b) (28) (1111111)
(S) (10) (10111110)
(v) (24) (1101110)
(A) (7) (110111110)
(-) (5) (101101110)
(k) (18) (1001111)
(z) (1) (01011111000)
(x) (1) (01011111001)
(I) (2) (0101111001)
(q) (1) (01011111010)
(T) (6) (110111101)
(V) (1) (01011111011)
(B) (1) (01011111100)
(R) (5) (101111111)
(") (8) (01011100)
(¨) (1) (01011111101)
(H) (1) (01011111110)
(:) (1) (01011111111)
(P) (1) (10110111100)
(L) (2) (0101111010)
(5) (1) (10110111101)
(E) (1) (10110111110)
(3) (1) (10110111111)
